+79084538621
+79210947426
+79371844286
+79838708976
+79799739089
+79037980209
+79879073954
+79336827417
+79486382420
+79817078003
+79211876493
+79252212045
+79721175195
+79489638477
+79726562666
+79357556460
+79607767270
+79799776230
+79223111308
+79016752182
+79193485222
+79568759125
+79744012648
+79384650228
+79866653313
+79729595152
+79313697093
+79682114792
+79927542681
+79484243851
+79227735771
+79847370395
+79466770731
+79647566884
+79801757480
+79187721932
+79015224513
+79024870339
+79570580070
+79105057298
+79018688008
+79524498691
+79404208552
+79224232971
+79265675738
+79489644492
+79918597640
+79025507513
+79578023614
+79208054542
+79872608079
+79106354246
+79571922170
+79134511840
+79434626126
+79672445246
+79770398607
+79424009404
+79759549592
+79861679433
+79103923870
+79469540898
+79830453105
+79596428605
+79583936403
+79462732779
+79000458713
+79475575876
+79538321180
+79861514588
+79046639676
+79138212084
+79669075011
+79473070394
+79766582722
+79718093295
+79984313414
+79447004787
+79083056809
+79596715333
+79133125616
+79613067568
+79606866722
+79902792323
+79350327989
+79198500985
+79538199749
+79890593503
+79890676488
+79224579484
+79812235758
+79504997947
+79959451700
+79853152309
+79812227549
+79177095626
+79565308003
+79186049596
+79624842982
+79089662159
+79974360500
+79269608767
+79551154664
+79335859300
+79154397148
+79733131077
+79691939096
+79661431590
+79296696068
+79806904156
+79895928283
+79531376633
+79636356166
+79484497344
+79602845894
+79277375935
+79957353426
+79145600198
+79788129770
+79075107978
+79240973094
+79806722960
+79117628131
+79801351984
+79542868555
+79590702566
+79031804895
+79266983740
+79978324947
+79680014814
+79097883603
+79183533703
+79521321853
+79714717328
+79593204596
+79911792581
+79480697272
+79782703591
+79928702574
+79948515326
+79788935127
+79578460349
+79511117494
+79638959152
+79838669636
+79392025682
+79375544224
+79468300542
+79035513665
+79048966580
+79722817476
+79314964990
+79501848341
+79903882331
+79623855277
+79754366589
+79770313105
+79390332629
+79940579991
+79972953918
+79928436562
+79859771577
+79928854641
+79905344356
+79955625141
+79214380909
+79077400353
+79498494135
+79709445187
+79337702722
+79446033113
+79097669096
+79429793584
+79707827021
+79813224153
+79200509640
+79221491575
+79731449874
+79139506232
+79468974375
+79774523447
+79842726580
+79742153326
+79254125081
+79493693099
+79577938087
+79882936700
+79221050940
+79955434519
+79276166369
+79845556858
+79624422915
+79766977291
+79394454973
+79672009684
+79753396820
+79557717532
+79507801013
+79909224829
+79758629818
+79609973681
+79308704744
+79593238965
+79331590666
+79373372107
+79223227892
+79235551596
+79383599058
+79915061023
+79223358165
+79973133017
+79515934298
+79479999498
+79733093886
+79333123427
+79983361898
+79882327310
+79182775229
+79588742001
+79735092168
+79483941101
+79460878905
+79532852673
+79648275406
+79309082838
+79859864113
+79437736654
+79846684758
+79278919368
+79249798907
+79939112781
+79724062312
+79130176508
+79215713662
+79636326606
+79325115412
+79312676350
+79267016173
+79299568979
+79870253950
+79695390373
+79398895981
+79023770602
+79740667873
+79091710639
+79062742769
+79709395421
+79981904905
+79935394454
+79624846539
+79520053678
+79611858378
+79791996853
+79681551598
+79228675850
+79375275534
+79407847258
+79737214363
+79969662878
+79712266124
+79139643911
+79391191287
+79618690502
+79857662735
+79705279414
+79182053688
+79422994645
+79514882414
+79933881461
+79563860654
+79588599922
+79091527376
+79392680241
+79708525906
+79289647857
+79951326826
+79700386325
+79777507992
+79723473061
+79819778513
+79892733047
+79635728728
+79081700234
+79799117188
+79186951594
+79453628164
+79363643585
+79892130463
+79334178411
+79100211961
+79561606661
+79892144692
+79743238591
+79320274747
+79296357229
+79691450563
+79278406688
+79736373244
+79823786598
+79550520255
+79977040748
+79024214559
+79315540516
+79763096190
+79413401115
+79382703910
+79038499297
+79767360476
+79004869210
+79670633200
+79661240438
+79299016046
+79728004704
+79367520393
+79786738394
+79180216585
+79479180070
+79275742239
+79269356640
+79201630567
+79641093555
+79441664316
+79833013587
+79791605800
+79017191045
+79245115125
+79320368125
+79318079270
+79253492395
+79435924378
+79852009531
+79805396945
+79499945667
+79759122244
+79067719950
+79259027850
+79106268959
+79318222258
+79996505165
+79642790850
+79965871062
+79124086564
+79964704814
+79716037272
+79394802398
+79184149263
+79564479246
+79932367891
+79389381109
+79541145285
+79363622190
+79888819829
+79295878154
+79356360653
+79453230325
+79197585393
+79339535671
+79795354228
+79981917280
+79398976696
+79389993377
+79316315944
+79341726503
+79338419993
+79476278387
+79571961071
+79189688610
+79843422096
+79636996462
+79219360801
+79205192272
+79598729736
+79775933435
+79020749173
+79463871375
+79167689087
+79090066206
+79938277170
+79064728845
+79631793623
+79829087760
+79442300031
+79777662427
+79962248196
+79535932648
+79303256562
+79261178058
+79205040895
+79504794358
+79960199376
+79235736606
+79878253645
+79898532277
+79230603060
+79910817966
+79457640490
+79031800326
+79883757613
+79894003740
+79496547742
+79747462195
+79519250352
+79686435445
+79628219149
+79838322555
+79961892252
+79771743172
+79844856523
+79126911861
+79645479104
+79570849574
+79138030704
+79286031930
+79849889255
+79011603235
+79699342571
+79266703620
+79414220694
+79028431130
+79642868289
+79742042410
+79383780338
+79824878420
+79893039547
+79296994496
+79200466351
+79472042796
+79845532726
+79988692412
+79618620155
+79821740568
+79411400823
+79881118145
+79575858426
+79662745509
+79973396599
+79221981951
+79830631412
+79513030139
+79322373122
+79441741819
+79562229806
+79137795175
+79923909480
+79670685170
+79305197290
+79489227829
+79762742185
+79995707718
+79297917387
+79713444790
+79221296117
+79309188697
+79448754649
+79737842436
+79577140714
+79599141908
+79028119817
+79936788787
+79246758459
+79261459515
+79750590292
+79789576736
+79565226013
+79156260457
+79436415265
+79029032206
+79343510523
+79916500593
+79631973800
+79766640752
+79502974173
+79648245770
+79791502994
+79162230977
+79930398363
+79479795235
+79437420544
+79141198335
+79251105658
+79964022912
+79832849777
+79314544772
+79919620850
+79001573038
+79605016074
+79630179819
+79175881062
+79055962927
+79405059104
+79408918732
+79393627125
+79541394439
+79611455565
+79049922306
+79263557967
+79394485839
+79815964673
+79221169414
+79244843646
+79384604275
+79980791600
+79152159487
+79426401040
+79405352504
+79469649440
+79944410657
+79686618167
+79898953089
+79494295235
+79287035401
+79133047323
+79646225519
+79569401856
+79886993881
+79183312336
+79690856288
+79799352414
+79769481741
+79186610377
+79826722311
+79459401369
+79070815244
+79261720927
+79884069902
+79908487924
+79366484401
+79104532965
+79312957753
+79730336152
+79591662750
+79124463462
+79884340161
+79377530717
+79708659814
+79038108854
+79323138248
+79819012624
+79156382003
+79246378368
+79740361894
+79334109990
+79899375516
+79407089277
+79861600206
+79258514610
+79292693549
+79724376480
+79165176365
+79637089545
+79744383833
+79762840815
+79726987056
+79844273713
+79914638750
+79723430747
+79048035142
+79790092970
+79413080361
+79136575050
+79103950737
+79008953096
+79579088907
+79599242465
+79824070646
+79303394746
+79099775044
+79686041252
+79968107527
+79081314085
+79675868376
+79065926192
+79066964910
+79061112325
+79447455860
+79993553636
+79004419250
+79668692992
+79055498799
+79574377628
+79452645668
+79886076852
+79478273403
+79711610720
+79678259322
+79772775825
+79138570112
+79608806714
+79945497123
+79137287993
+79074277847
+79655967322
+79837010090
+79462535634
+79453544567
+79134668773
+79054032916
+79896918931
+79555090467
+79360895193
+79588025305
+79457269613
+79201623446
+79780170174
+79057930444
+79932726512
+79998874832
+79001535644
+79886269339
+79993997832
+79793766883
+79312204215
+79958192022
+79747965168
+79378013349
+79482556715
+79215765837
+79595151542
+79151828377
+79965095505
+79445443774
+79789020330
+79586153581
+79215976647
+79006650974
+79338803280
+79129995931
+79767767191
+79939008650
+79707250238
+79030591344
+79185338149
+79386702674
+79708617102
+79778128665
+79969327806
+79376338481
+79623010975
+79204907140
+79910893956
+79419017495
+79807359855
+79556181433
+79378252867
+79375193379
+79248654006
+79839172362
+79632886267
+79654261397
+79711019765
+79617884728
+79462515302
+79536040694
+79120165840
+79981258988
+79378463407
+79296738138
+79917247096
+79706455743
+79666537828
+79749709586
+79346131427
+79667963548
+79864650457
+79753247307
+79594189848
+79896766426
+79459206601
+79850462889
+79775528465
+79585255208
+79471118483
+79227592288
+79019667702
+79329691429
+79218079512
+79893502584
+79533814712
+79851863268
+79995945645
+79390609699
+79189289724
+79608901779
+79448975131
+79160957189
+79618224596
+79729326402
+79352682219
+79353780349
+79811540820
+79195338590
+79840840077
+79538745553
+79479602322
+79557170540
+79527287879
+79156501173
+79023842779
+79143073746
+79747622065
+79790222451
+79590723493
+79094154244
+79089884898
+79743243693
+79910885976
+79087798128
+79237229203
+79558415684
+79780970106
+79213203949
+79743418822
+79879818559
+79538903942
+79881952960
+79321761488
+79924196624
+79685559863
+79030856388
+79751590128
+79366225980
+79081753537
+79655968407
+79509071134
+79488732941
+79428674484
+79838643958
+79739713907
+79210968298
+79159129500
+79954096836
+79477121588
+79171315247
+79322489044
+79850448612
+79321646657
+79320498493
+79545402840
+79723397563
+79921507574
+79599927603
+79598446679
+79353140760
+79647574157
+79600049704
+79032089517
+79704566285
+79627571230
+79445229890
+79221620199
+79755404061
+79667177528
+79496103683
+79850912984
+79544802860
+79265981907
+79031280355
+79139854816
+79624409669
+79422407847
+79250985622
+79919929034
+79231126188
+79161736844
+79504315458
+79308945532
+79413588625
+79182752759
+79623049050
+79613880360
+79398372017
+79654377476
+79199145259
+79433678501
+79978455690
+79014022246
+79549216050
+79704732480
+79295830463
+79960685289
+79758508445
+79331030315
+79437218545
+79187372581
+79013504394
+79983555832
+79047470585
+79619373530
+79443857218
+79990655415
+79266568661
+79853089174
+79247465225
+79442332075
+79718088534
+79173505011
+79075142141
+79409964911
+79836821478
+79546802006
+79498237910
+79699089729
+79292742746
+79886769658
+79967923929
+79707162799
+79183208485
+79990325768
+79311674220
+79715118837
+79382587568
+79998015217
+79635865885
+79596057695
+79359938465
+79768227286
+79776993705
+79884465516
+79445362245
+79435408249
+79959352506
+79132140817
+79199860150
+79105496964
+79636771052
+79881813383
+79697663676
+79979262935
+79958056036
+79450341121
+79052802253
+79622252137
+79487580662
+79912163477
+79088517458
+79470215410
+79805216265
+79671465822
+79051475414
+79730622582
+79778409011
+79437658624
+79212821561
+79304860801
+79933433639
+79835097394
+79193279993
+79853061634
+79013854998
+79386367355
+79770842613
+79314852812
+79988529339
+79012560457
+79612422549
+79129598406
+79009551654
+79166390000
+79874381277
+79534186187
+79328720139
+79531698561
+79508666350
+79645103800
+79278022784
+79481769223
+79954062311
+79642474674
+79098650772
+79522716648
+79463702971
+79468693697
+79266647788
+79163029243
+79558967042
+79301731682
+79266721980
+79197324857
+79646541471
+79572174707
+79407981951
+79934421375
+79520926787
+79076227907
+79067548791
+79800659928
+79096272609
+79796835558
+79338281318
+79639706294
+79412963130
+79518138780
+79421104110
+79428066615
+79612870416
+79502074798
+79220323025
+79651053252
+79857542849
+79052312573
+79521132268
+79508397192
+79012999745
+79187331040
+79669639943
+79891133029
+79905228270
+79213869896
+79501955928
+79829146736
+79871721503
+79317324356
+79422687536
+79963140694
+79355986457
+79644246924
+79422521367
+79400996087
+79899886794
+79664173290
+79250598693
+79921265661
+79733811585
+79652415755
+79947374244
+79538716475
+79891349255
+79000001158
+79765220024
+79610099168
+79709338992
+79433054533
+79691823844
+79821763297
+79057950254
+79612061826
+79941572770
+79664301444
+79738240419
+79724470046
+79828502179
+79281879661
+79844226944
+79256783817
+79701582559
+79897285045
+79989728444
+79884212744
+79624958221
+79337921163
+79638796566
+79445592114
+79040855919
+79458976177
+79921888242
+79895550326
+79216543123
+79446841303
+79068954618
+79167159335
+79372806380
+79363214783
+79430315223
+79619853371
+79499221763
+79727171609
+79197377648
+79556168849
+79963187638
+79526122557
+79528598971
+79410916280
+79189640772
+79263703241
+79301039839
+79572443079
+79704678224
+79078966106
+79047705249
+79931497107
+79506953095
+79133940441
+79751806022
+79089374459
+79148639269
+79735023650
+79344748524
+79506203053
+79944256849
+79260414878
+79874049152
+79355077268
+79521871255
+79308371039
+79984257061
+79742497191
+79369037517
+79982454265
+79318709520
+79656399316
+79396351045
+79184705672
+79689148921
+79381960820
+79313772891
+79370693335
+79743620628
+79737987871
+79736266837
+79779738244
+79780131936
+79011816724
+79103444859
+79313946378
+79081486951
+79499816815
+79149822757
+79836623156
+79978595469
+79449724175
+79727751461
+79342230077
+79129782152
+79975563937
+79277865812
+79588827031
+79362223249
+79379754452
+79920116274
+79751880940
+79885447608
+79012634134
+79736243090
+79315128359
+79222299722
+79033021082
+79270756184
+79020024051
+79814259053
+79607290633
+79965556527
+79995148020
+79955236684
+79650918805
+79721375004
+79593790330
+79372333492
+79022903035
+79630014279
+79274158380
+79336481402
+79158244204
+79384086049
+79451564727
+79919151841
+79472440530
+79500605890
+79708521968
+79833757192
+79021044636
+79349847041
+79460193051
+79173033495
+79249840493
+79917415734
+79238132265
+79670418791
+79530711277
+79370956322
+79341625010
+79629227541
+79284247645
+79480335636
+79930867016
+79032900051
+79840142628
+79728257596
+79512715540
+79581723358
+79953304793
+79235679672
+79574782902
+79473736012
+79643360351
+79406312959
+79598081611
+79692528674
+79820866380
+79758156547
+79534634884
+79667883432
+79588157747
+79496761991
+79838296179
+79479978284
+79832983539
+79473891289
+79312815236
+79242915720
+79161724991
+79160718931
+79888912703
+79218770311
+79134229431
+79657985206
+79915989169
+79710823123
+79752580882
+79171512903
+79954143748
+79180319520
+79638644977
+79145769601
+79102922003
+79589339247
+79862089665
+79243275979
+79586308428
+79186775737
+79002615563
+79314632571
+79364213653
+79641564940
+79468479792
+79793103646
+79959264559
+79131822447
+79511236099
+79283161044
+79343703101
+79711004985
+79160158694
+79224070630
+79090128066
+79367314596
+79107505282
+79272592168
+79873014644
+79478509636
+79246953595
+79064052398
+79203978728
+79788860977
+79244092415
+79705629785
+79878302042
+79167763416
+79157471057
+79391890075
+79856709787
+79320096516
+79634123553
+79103930211
+79387531396
+79227857163
+79623746400
+79116720824
+79277850616
+79753040013
+79587008094
+79039992966
+79370028523
+79467623268
+79850796449
+79769386998
+79794817872
+79824080814
+79175705036
+79994232581
+79866143422
+79871208947
+79422669707
+79582490480
+79075399238
+79590424306
+79705717865
+79602505525
+79393238955
+79583430437
+79038498187
+79237811223
+79750450949
+79474416120
+79742615803
+79441037833
+79807899474
+79881386307
+79175493990
+79677480992
+79105795697
+79562131663
+79340817403
+79019106390
+79763372125
+79768104668
+79230311045
+79996520784
+79365670185
+79474568545
+79868630553
+79258612181
+79892914546
+79077994742
+79213668848
+79284587010
+79955228757
+79274721608
+79941804259
+79631157360
+79025599432
+79223285460
+79339725292
+79809219228
+79318056352
+79284205412
+79495723309
+79254225384
+79216025170
+79608981703
+79230388282
+79430223454
+79334212556
+79283467285
+79088859744
+79063430804
+79077478798
+79500158574
+79281085364
+79541530438
+79453643559
+79855398417
+79816579813
+79329845964
+79960746240
+79309058199
+79615581645
+79628183286
+79890807246
+79703954302
+79937489762
+79684328295
+79920772867
+79247969366
+79510259566
+79817668546
+79765922820
+79473972123
+79823812731
+79335828391
+79351095584
+79765566604
+79824014563
+79541207110
+79713350659
+79564235919
+79296500035
+79371176389
+79154262541
+79590984026
+79548593727
+79384963349
+79913578003
+79174012467
+79107442210
+79633929155
+79114431296
+79666367540
+79629606522
+79289941801
+79664005489
+79304514558
+79779218112
+79643936195
+79282961942
+79092128704
+79936235693
+79168111615
+79740548153
+79317087588
+79886402886
+79471879020
+79019103092
+79039271740
+79514251928
+79613309496
+79919657678
+79865985568
+79810401266
+79780897791
+79395720198
+79547146135
+79735500589
+79073377188
+79795727757
+79766831780
+79165438097
+79972524310
+79950939682
+79928899586
+79805039307
+79029454765
+79477099975
+79604787184
+79265222188
+79032796822
+79250548460
+79606031965
+79625861139
+79969932880
+79599145703
+79690378048
+79137366218
+79884168833
+79506140472
+79347389624
+79709303878
+79423168144
+79294965613
+79745711173
+79559052964
+79593053632
+79030849964
+79691980657
+79817200801
+79162722507
+79490420557
+79850051371
+79394656000
+79014958570
+79248669603
+79727507751
+79336515324
+79526828929
+79498374172
+79124959467
+79602641893
+79310360425
+79494977872
+79015709661
+79913231992
+79451014356
+79080177025
+79068602525
+79918365320
+79738529925
+79219944108
+79187209776
+79360919545
+79062168893
+79118423860
+79659852944
+79822689693
+79716735749
+79942218012
+79830469973
+79934250902
+79037178241
+79557815108
+79513987286
+79580831082
+79689426817
+79389354144
+79632748714
+79772838945
+79118474216
+79186534548
+79957226238
+79412071242
+79491850333
+79891196134
+79144539932
+79858535681
+79063149020
+79973887674
+79678674568
+79973055277
+79798481995
+79036224208
+79133669612
+79660493582
+79832333628
+79333647196
+79434403839
+79846220365
+79482717754
+79338823995
+79110552940
+79920874780
+79386364248
+79724592838
+79014759929
+79139118529
+79192840337
+79334263773
+79782723407
+79190800594
+79762559792
+79710659557
+79646979272
+79601432844
+79957094978
+79524353787
+79650691349
+79085133252
+79623202820
+79410305033
+79482437702
+79763576704
+79899178979
+79698576223
+79064715914
+79214722566
+79349908502
+79948817811
+79670574237
+79275495851
+79498069833
+79258185991
+79709356719
+79194578840
+79321202419
+79582803355
+79647007830
+79314599937
+79853772705
+79354571019
+79515297166
+79999398065
+79493348787
+79487308910
+79813692726
+79440057669
+79537122021
+79254497583
+79735541915
+79128330895
+79353316893
+79508965189
+79600398995
+79394807590
+79719509588
+79661307562
+79421069287
+79130087784
+79636276301
+79243158122
+79979359510
+79725868775
+79224021097
+79147655218
+79283019185
+79145662660
+79324533278
+79370757698
+79622155240
+79052872485
+79481068595
+79112460575
+79945963171
+79072202623
+79156341169
+79817466272
+79035895267
+79183049302
+79034785579
+79343776031
+79055209773
+79781098344
+79201956710
+79663168197
+79977575048
+79248039011
+79799097860
+79033321320
+79691349577
+79005761321
+79828803921
+79146328416
+79507934099
+79751024647
+79427668917
+79453370179
+79066096532
+79343196884
+79593241152
+79822734623
+79825547821
+79837213424
+79869809590
+79739847854
+79718322544
+79183217739
+79611948893
+79330249314
+79592053073
+79842439691
+79802721480
+79309464026
+79126696516
+79039926162
+79101856529
+79674893513
+79402718975
+79119723073
+79138703150
+79773637537
+79693744636
+79916424194
+79698674938
+79691575914
+79713137976
+79598611044
+79009989754
+79565981625
+79682072307
+79671009831
+79143237573
+79928874417
+79235784226
+79374182784
+79182381238
+79437900008
+79148239954
+79648022955
+79287363306
+79412738468
+79653045283
+79226219979
+79124512157
+79157978433
+79061962250
+79441085799
+79180207727
+79697383799
+79004435039
+79110039327
+79147209766
+79513075462
+79449600270
+79890640210
+79533357526
+79716364502
+79215998246
+79105103476
+79358864880
+79904926780
+79610940927
+79943888541
+79666225573
+79217748342
+79586055697
+79413353399
+79837948484
+79511258051
+79386344671
+79715486791
+79177699945
+79752249742
+79384531906
+79321347559
+79888912944
+79687046074
+79753718889
+79575056416
+79517498515
+79459141370
+79840959486
+79533907969
+79642168576
+79597652687
+79696188114
+79689206505
+79378415394
+79509614467
+79194625821
+79621645561
+79397647563
+79138695928
+79519308342
+79989294456
+79231206343
+79187337887
+79852721236
+79334126526
+79735326038
+79778807445
+79945982347
+79022194183
+79036865815
+79474200637
+79732843484
+79564298207
+79309916154
+79675346823
+79197409076
+79447943788
+79750746486
+79300291716
+79373175640
+79275312957
+79095535730
+79685352342
+79289228841
+79604490717
+79828535334
+79173368542
+79168847231
+79930289823
+79160252940
+79302245041
+79235799582
+79926539019
+79724093939
+79831538137
+79786777863
+79277691380
+79761705025
+79500156933
+79845535082
+79856503220
+79585098309
+79895674819
+79242505476
+79996306630
+79938213643
+79345434799
+79333037995
+79520229819
+79543759706
+79404352778
+79172845417
+79004495551
+79862453316
+79804382826
+79706450743
+79773935219
+79156835153
+79565718713
+79270548971
+79574073765
+79801056819
+79409916032
+79864458968
+79549181507
+79256582263
+79964373596
+79399615387
+79987645036
+79385184429
+79314907585
+79854543926
+79403065573
+79990462450
+79558796198
+79170218782
+79067698103
+79495862503
+79101285255
+79955388146
+79081834244
+79776423494
+79678382548
+79794513106
+79652057721
+79840269352
+79333213856
+79201430929
+79979411770
+79130887361
+79114326280
+79823112056
+79822180722
+79034427522
+79287510922
+79477556256
+79055585649
+79720128639
+79478531656
+79941193913
+79202262524
+79836782482
+79194043732
+79372535902
+79845710902
+79545678156
+79467954176
+79530262052
+79398923674
+79741422975
+79242086314
+79820823520
+79185899928
+79362962722
+79551639402
+79679395893
+79267777677
+79353452133
+79196977660
+79139971387
+79269488600
+79345749988
+79331385302
+79615779437
+79410053166
+79480683688
+79572379628
+79876318453
+79822396525
+79777990199
+79857259580
+79445869079
+79001621162
+79416755135
+79350653268
+79281063658
+79114371882
+79003446109
+79920547152
+79565124691
+79158192382
+79950338760
+79277273996
+79094061731
+79172111100
+79367436288
+79870519895
+79943055779
+79819356360
+79438820358
+79707085205
+79276064569
+79212156653
+79544232925
+79897620142
+79615185046
+79234710823
+79206730049
+79738833961
+79286616417
+79453520728
+79153741564
+79309625422
+79559029750
+79635948805
+79385524770
+79442138272
+79735207268
+79459062631
+79355989071
+79441165242
+79311972914
+79609434047
+79126413791
+79293408941
+79494314128
+79676031322
+79638214223
+79386518662
+79794548150
+79417377408
+79591723475
+79034958781
+79148625825
+79217920827
+79152416814
+79629391786
+79960137219
+79029138255
+79633764257
+79190935283
+79699075351
+79448891127
+79413627855
+79201167063
+79345635663
+79277125033
+79306056034
+79291639842
+79134820104
+79375794688
+79254410266
+79325602729
+79892059487
+79830025957
+79672779146
+79375292570
+79958684366
+79322386771
+79089019017
+79553570767
+79152049973
+79085391099
+79680916660
+79455030169
+79640546454
+79033166982
+79680752502
+79050004723
+79046835559
+79411339404
+79891483763
+79326591547
+79963024348
+79278868238
+79293481742
+79888411279
+79613136324
+79902109307
+79219720235
+79664252794
+79840866469
+79274666052
+79895255473
+79621563218
+79342585440
+79449554733
+79888570542
+79683268759
+79487147726
+79514712198
+79932215242
+79817090643
+79109121605
+79806764839
+79607005911
+79615013899
+79252178936
+79333575886
+79592874476
+79381158016
+79316267554
+79807932964
+79475942860
+79350512840
+79129774391
+79964097709
+79145682138
+79801364294
+79440315456
+79753653276
+79060064694
+79679104279
+79988059818
+79665708288
+79146401993
+79490779976
+79112154595
+79955596097
+79919972647
+79379016211
+79907188335
+79306194695
+79701129173
+79594307719
+79020477109
+79181802196
+79863377152
+79927425564
+79992812087
+79557421079
+79190563686
+79579824746
+79689796212
+79072734834
+79518475615
+79892437016
+79998064431
+79679538293
+79792776941
+79587045688
+79683006212
+79407112277
+79239896071
+79810025354
+79758102655
+79536979415
+79944055353
+79902580044
+79804224433
+79711357895
+79775947435
+79069057534
+79380303159
+79480262582
+79257925884
+79344891608
+79438552556
+79621678491
+79684529717
+79106100396
+79528122270
+79213774880
+79873212477
+79143647272
+79839390377
+79086060208
+79400210659
+79488667290
+79974021802
+79076731124
+79177607910
+79738111399
+79883886012
+79301000683
+79648159472
+79582620617
+79430213393
+79893656297
+79157690423
+79647172884
+79660993396
+79236193444
+79959554577
+79909344123
+79467564609
+79537869607
+79742217905
+79806696253
+79853673185
+79738872623
+79143904756
+79956703216
+79069852864
+79490124452
+79022336997
+79109157352
+79496598918
+79375279052
+79380347538
+79816498171
+79257612372
+79844263719
+79196090318
+79713490371
+79973103518
+79692061169
+79860912243
+79469784612
+79406287788
+79635926662
+79038083927
+79589289970
+79277124096
+79842844362
+79566166995
+79099460973
+79424549156
+79650833038
+79601483889
+79699289644
+79944747836
+79817448844
+79951398021
+79544931948
+79601008472
+79165713904
+79970802989
+79227190980
+79119117508
+79272621597
+79440935540
+79502774328
+79274651133
+79423564851
+79168071920
+79272010693
+79530048860
+79415791373
+79976280490
+79177423805
+79476888262
+79753829823
+79802043548
+79271434649
+79762107054
+79209097333
+79598113494
+79581177525
+79942763739
+79043748289
+79396284815
+79097013098
+79627072570
+79579163215
+79551270847
+79767864036
+79440786626
+79724682833
+79969893703
+79793485127
+79662906966
+79645943379
+79924328483
+79746176577
+79975272118
+79182630241
+79150493889
+79292892453
+79397135244
+79750547198
+79148511453
+79337925642
+79911979652
+79544925718
+79822839635
+79138169380
+79054918527
+79428464518
+79381576968
+79955619363
+79853401383
+79786391784
+79509463419
+79324802271
+79058614674
+79973948010
+79060955424
+79603627631
+79592868719
+79778460273
+79876509085
+79448262336
+79461589578
+79108487421
+79678874700
+79271842606
+79287299577
+79529067611
+79055815017
+79144733520
+79707268418
+79223713670
+79935565692
+79639127771
+79476966369
+79706334137
+79933685101
+79834184704
+79990969095
+79840459947
+79609100170
+79098593710
+79748354455
+79917099620
+79108579135
+79756896607
+79581334821
+79734604777
+79664594343
+79940167958
+79245133912
+79121756468
+79227840569
+79440055422
+79216888887
+79581504053
+79198258509
+79053571364
+79005872656
+79578028080
+79205286212
+79288016682
+79273873283
+79674128156
+79681555992
+79929227223
+79413576408
+79443653961
+79134690715
+79572153678
+79589532715
+79691002975
+79555097527
+79909612974
+79439745835
+79962320437
+79973220780
+79312938602
+79866759073
+79553925106
+79114348340
+79131626098
+79084474332
+79914576422
+79282968888
+79002011859
+79326026639
+79069075062
+79429991294
+79761017125
+79518246665
+79061082239
+79225872338
+79691744118
+79606576192
+79634323445
+79030605272
+79006008136
+79581551829
+79577268365
+79642434619
+79771919525
+79783418949
+79299082378
+79641901255
+79031977558
+79326834522
+79601901250
+79732347385
+79806829842
+79719495603
+79921561328
+79241177077
+79335661344
+79114006017
+79914322002
+79813353193
+79181638974
+79028150635
+79037949815
+79573432967
+79172717032
+79700138983
+79456972210
+79292578232
+79210397367
+79959095027
+79182257888
+79775874487
+79145038401
+79413042671
+79037255108
+79074665021
+79264411055
+79497296214
+79126272659
+79659808369
+79094617615
+79039586225
+79989560626
+79107316488
+79608361091
+79286020931
+79808014662
+79960522011
+79782861609
+79096411706
+79921786197
+79675637159
+79663800945
+79436183323
+79852078544
+79797137089
+79929313749
+79135906366
+79011817930
+79626887618
+79834552663
+79483528194
+79537502540
+79502664486
+79945823327
+79286309937
+79303013655
+79064076400
+79211478280
+79173583818
+79826789777
+79845031345
+79468699272
+79348116930
+79880043773
+79476752738
+79867279284
+79921995800
+79513833488
+79150744420
+79933376115
+79572068259
+79402596695
+79153189120
+79890068814
+79486609933
+79008792534
+79139755147
+79938592474
+79365768439
+79264596221
+79620232174
+79245135330
+79986511613
+79011703209
+79794344530
+79448107068
+79805064686
+79597546953
+79001364430
+79174316089
+79630355141
+79454356542
+79092228266
+79388070670
+79435078610
+79982391965
+79475912130
+79339646942
+79400675281
+79046955880
+79460506511
+79332016099
+79708450158
+79158087970
+79099254941
+79955982378
+79518380075
+79918571785
+79709312419
+79951856525
+79948266481
+79285521069
+79826523612
+79961383820
+79761041939
+79110824742
+79178164599
+79736707773
+79562204543
+79782478893
+79783454686
+79689439808
+79329647481
+79876476726
+79104235364
+79984104698
+79860311176
+79531947950
+79760702871
+79711480298
+79274591866
+79038677308
+79696372044
+79873641454
+79572849998
+79846689457
+79609563003
+79016592070
+79632611852
+79092108797
+79395692503
+79836862829
+79002614074
+79451774926
+79339686816
+79362728794
+79264257597
+79146480085
+79740928874
+79102040619
+79792114755
+79369528894
+79761785167
+79710918693
+79660919437
+79202341164
+79751687043
+79062527535
+79834176818
+79726236673
+79656300738
+79814576841
+79494485759
+79234886369
+79011626434
+79853811898
+79431687967
+79444394154
+79952857035
+79128721692
+79477762101
+79116019614
+79187148641
+79910842716
+79684410641
+79918548035
+79598794736
+79665946787
+79500985762
+79657931643
+79680472030
+79067966795
+79322525052
+79845860124
+79566054007
+79095115716
+79072099079
+79354262798
+79974111554
+79881294777
+79021189100
+79460259087
+79629283979
+79010859565
+79817868847
+79783841857
+79047049858
+79853657885
+79248067373
+79200953305
+79138696299
+79150620737
+79148077012
+79737322311
+79029786917
+79922201078
+79792303104
+79749522664
+79467323101
+79460893229
+79612494722
+79999999695
+79768161393
+79964698126
+79685674611
+79154787929
+79792475595
+79108326739
+79130743964
+79045772831
+79025608608
+79084241037
+79469799092
+79289843625
+79711830896
+79131825503
+79576124420
+79573278748
+79335573992
+79617216440
+79276610470
+79738851937
+79709452165
+79041234166
+79042040272
+79906388460
+79290909304
+79408950710
+79877411529
+79380606848
+79783270890
+79107326353
+79036302708
+79022476675
+79874828114
+79971653440
+79999334801
+79082429484
+79231392727
+79443719605
+79709706784
+79351910037
+79922297341
+79995342457
+79573888075
+79109228722
+79514990447
+79437226020
+79331405997
+79037398193
+79699580927
+79141490114
+79991488754
+79715525757
+79829215136
+79236499867
+79639708667
+79218017426
+79118647632
+79548643446
+79608666734
+79492009571
+79512667680
+79377617147
+79519494087
+79258676276
+79997005714
+79316988422
+79619609098
+79634383625
+79711497002
+79042782661
+79652953978
+79697491329
+79112637533
+79770402012
+79838612137
+79422310542
+79872173243
+79107871115
+79735129468
+79215963825
+79506904477
+79264127710
+79345944642
+79353213558
+79867933617
+79796737881
+79016858302
+79078112670
+79703728979
+79297888780
+79485535123
+79494432415
+79999667537
+79823725698
+79894259946
+79876081540
+79019335978
+79704114335
+79909327498
+79907202326
+79633373017
+79660907286
+79294256062
+79088670323
+79387704405
+79422178272
+79953737666
+79357145934
+79589763118
+79739319155
+79613082343
+79195923258
+79826519097
+79045727479
+79917127740
+79348705137
+79153534009
+79382020699
+79048031393
+79469833733
+79833579692
+79342448677
+79291464223
+79736167145
+79944381907
+79529972105
+79367492188
+79481687017
+79469644574
+79474863550
+79095345593
+79176148240
+79001640219
+79324822359
+79148344268
+79712427878
+79848464202
+79118241704
+79666329167
+79880224943
+79782492320
+79408492070
+79624174121
+79203444998
+79732674394
+79350491069
+79638374842
+79313321597
+79589061385
+79947007033
+79643920249
+79504498708
+79711875791
+79864740931
+79237421855
+79482744913
+79570166587
+79107732177
+79756596702
+79982571628
+79787295065
+79586741915
+79225505219
+79629452281
+79973290302
+79571318029
+79305898766
+79481383844
+79167904185
+79385125071
+79776254780
+79852069218
+79953212975
+79291802750
+79146936238
+79842540095
+79504530080
+79111008118
+79537394002
+79351408519
+79016673480
+79130168448
+79730759673
+79911572874
+79933310542
+79587825120
+79429296737
+79370706855
+79543517461
+79610021709
+79306328372
+79698883453
+79255703274
+79752654208
+79100904992
+79937399420
+79922915952
+79213331843
+79722206425
+79959851607
+79037884967
+79459937838
+79764662314
+79268647360
+79136353747
+79333961098
+79843512574
+79095246465
+79630091000
+79301867633
+79146368967
+79799500790
+79864978435
+79935284061
+79441463590
+79117748628
+79969948574
+79208519595
+79406249008
+79041989877
+79484622929
+79656712004
+79636527463
+79649310855
+79767063134
+79793503511
+79108319763
+79029879327
+79864026845
+79824917235
+79770268523
+79456399582
+79043823020
+79895808702
+79844348201
+79044166594
+79797682171
+79196385474
+79796678353
+79918347899
+79664840412
+79230639451
+79403129935
+79812524204
+79733465270
+79212898459
+79921729192
+79817834081
+79787822071
+79727642711
+79625082653
+79205977940
+79215330747
+79770822343
+79632051489
+79449989777
+79121507903
+79843604976
+79483278158
+79786985022
+79613618654
+79777714273
+79259798924
+79196447907
+79319098217
+79390868776
+79754313057
+79957660216
+79165908354
+79717095786
+79712093790
+79917455773
+79900513529
+79456656317
+79806165374
+79606971890
+79680041941
+79552297707
+79368020375
+79545944296
+79408290508
+79402716436
+79839999496
+79426337422
+79969388480
+79357629592
+79378668529
+79306042182
+79850934096
+79880461658
+79762054691
+79478237334
+79633047567
+79832642017
+79293207644
+79641309317
+79656159785
+79955896812
+79902039626
+79603861679
+79405600669
+79518275562
+79514380860
+79855896421
+79590168212
+79932141917
+79459470968
+79457679809
+79271511751
+79259770510
+79102855012
+79369208925
+79631549570
+79892576290
+79868730619
+79834740547
+79585856616
+79570181010
+79922671478
+79080245138
+79850574305
+79661832688
+79906232892
+79964901640
+79497893977
+79657844567
+79272595621
+79651635700
+79527545911
+79655997427
+79782138646
+79655755925
+79201757537
+79551973462
+79306614640
+79928110675
+79471250977
+79825916680
+79944064977
+79411629663
+79407078688
+79259070350
+79543208509
+79391233284
+79441711847
+79222585136
+79765301298
+79843172224
+79468469825
+79531383226
+79827691076
+79139696643
+79864243002
+79459223044
+79846783740
+79348122059
+79515172962
+79398982539
+79627693535
+79448144120
+79842774579
+79275962515
+79047993169
+79625494070
+79736899510
+79741388194
+79205357743
+79727130552
+79376278260
+79774308991
+79503452037
+79246114204
+79883344695
+79243835492
+79818783398
+79937454733
+79301000198
+79322886773
+79195593692
+79191224636
+79238867976
+79784916662
+79368593329
+79673063946
+79824618116
+79509469168
+79171487619
+79067833793
+79015193956
+79848155350
+79451674669
+79107970991
+79711429422
+79069293143
+79309471492
+79439305627
+79651402153
+79338180765
+79369719123
+79067569201
+79469779667
+79442454726
+79206903491
+79305489578
+79004531922
+79209347462
+79642798770
+79058884742
+79821576006
+79411476399
+79905273349
+79945366029
+79978409847
+79891854969
+79004642431
+79765854536
+79598937083
+79500491510
+79488822991
+79759941766
+79237291342
+79757465911
+79360185044
+79042720054
+79806556128
+79238160480
+79061119195
+79299499587
+79805698136
+79133558634
+79757408102
+79715430014
+79264730935
+79272636701
+79998093885
+79086310120
+79059344522
+79777029004
+79531670085
+79205091388
+79956983564
+79239208786
+79150679432
+79424409867
+79988956143
+79819776892
+79618302572
+79776130588
+79533646727
+79918149056
+79231155997
+79278254990
+79411441699
+79695856505
+79579622826
+79705388134
+79642478607
+79707889489
+79562935060
+79510390215
+79419102614
+79299480928
+79688135296
+79210560684
+79740887562
+79302425711
+79971707270
+79524810210
+79214295224
+79961127592
+79133897297
+79341212417
+79469874828
+79635800598
+79171241582
+79635266472
+79056229406
+79339957773
+79175323983
+79878301151
+79588654805
+79795749571
+79203517748
+79619981462
+79343903928
+79648514381
+79361191835
+79296180492
+79238638986
+79571815493
+79029662229
+79444582096
+79540784055
+79482697710
+79287460323
+79066191334
+79463721986
+79199846957
+79884294766
+79762086112
+79972413295
+79208302753
+79274791135
+79969211382
+79262548876
+79738853117
+79179956323
+79221072015
+79503369134
+79812460823
+79457867443
+79885784667
+79112573689
+79367362131
+79878826929
+79859322340
+79175350368
+79360047041
+79712684771
+79108267571
+79974504523
+79832767451
+79994894878
+79193895688
+79905937763
+79041675701
+79370023149
+79222650846
+79353296627
+79814530868
+79634887341
+79539013570
+79878519260
+79792931364
+79315662224
+79243691500
+79083149309
+79849422619
+79570634222
+79081673016
+79956439556
+79868659576
+79117565198
+79885929198
+79102464358
+79489402180
+79513905896
+79238219980
+79171360222
+79076468895
+79811238092
+79175105563
+79058614061
+79150535850
+79666427313
+79794324292
+79636677819
+79952806528
+79009985368
+79351528564
+79913696247
+79667474309
+79528093429
+79727326387
+79640929789
+79235758861
+79240170588
+79307854789
+79864624678
+79647204021
+79754097154
+79478456059
+79482642645
+79657292484
+79904489037
+79322676441
+79520928780
+79672912996
+79769271499
+79194931413
+79816153819
+79159078255
+79168110674
+79420749658
+79864199361
+79531999700
+79167388188
+79397275054
+79169870814
+79611735811
+79078688077
+79230190617
+79961180965
+79737291919
+79418661269
+79551749654
+79114554004
+79303138277
+79951885572
+79226192801
+79068692478
+79824389933
+79753179497
+79168527495
+79265308990
+79963841976
+79419596138
+79006656263
+79430855691
+79430095885
+79155852668
+79242873612
+79082927774
+79727158537
+79208642142
+79416853163
+79488273021
+79764008109
+79794110865
+79096748135
+79725154948
+79515081779
+79805282475
+79326507414
+79310065412
+79778911894
+79419942040
+79768156796
+79672388678
+79642220126
+79531935740
+79097424503
+79642143628
+79728532110
+79135801367
+79779130478
+79234903887
+79273228488
+79206854130
+79760404722
+79310417995
+79708782872
+79625623498
+79309151083
+79812115249
+79322522937
+79154100830
+79774564362
+79767858405
+79632315907
+79911119708
+79024877708
+79819748870
+79687364976
+79169262169
+79902250720
+79229117285
+79657566794
+79759943669
+79228271270
+79966528802
+79122733367
+79765096943
+79834755445
+79075636873
+79673950497
+79111650288
+79486956582
+79303334359
+79529988161
+79158532408
+79160620463
+79934102251
+79295969815
+79573754646
+79381000689
+79742733181
+79602208156
+79713537947
+79158995619
+79480435244
+79745087801
+79951941480
+79400486475
+79059812311
+79279156512
+79745148112
+79745184072
+79645013031
+79378184954
+79718673475
+79505849985
+79146827129
+79785842201
+79712172515
+79530189122
+79474907015
+79382835024
+79589910949
+79782336755
+79888276220
+79312513326
+79859500274
+79343719627
+79418916317
+79928603121
+79235824854
+79944215020
+79515326912
+79875180756
+79288179837
+79731763206
+79884477433
+79226826588
+79242770269
+79694523279
+79252194732
+79906483198
+79502781279
+79378198941
+79350386026
+79701093418
+79487011304
+79136786907
+79099067287
+79638354559
+79028728818
+79607970929
+79109474186
+79716483104
+79026699710
+79570038260
+79270711622
+79133450495
+79232915322
+79284926329
+79333376626
+79028788772
+79427632649
+79317877983
+79237978676
+79495026028
+79713040105
+79792336018
+79698855700
+79448363269
+79786465199
+79944293101
+79285122674
+79318971988
+79245956306
+79392796939
+79426186260
+79132476794
+79996311098
+79815130361
+79390821946
+79977457318
+79428369293
+79389367326
+79361546350
+79109169469
+79872322100
+79924136130
+79246733544
+79604430805
+79566195792
+79184527834
+79759778312
+79748049157
+79637191674
+79940994395
+79891593772
+79804370996
+79490239647
+79292078316
+79502129896
+79812659649
+79456565728
+79149098675
+79979852441
+79977489480
+79584102099
+79097120894
+79636921419
+79802281993
+79520115045
+79947541171
+79566823781
+79398639323
+79756481418
+79657434766
+79536503417
+79548228694
+79286870539
+79758186894
+79680602718
+79664488058
+79109644796
+79376162860
+79326798478
+79605238045
+79783522075
+79355842820
+79185596016
+79136604320
+79914806050
+79307002112
+79046176310
+79491227398
+79024745108
+79866225815
+79390091631
+79909391125
+79173209977
+79996157541
+79603797416
+79030840048
+79283075533
+79752892490
+79198045594
+79696027293
+79498916227
+79213417244
+79628978989
+79527383703
+79867775811
+79770949794
+79499586708
+79037734905
+79817742848
+79708456574
+79620928858
+79099097796
+79328314126
+79563274329
+79750808033
+79491339533
+79583005250
+79356042362
+79136445248
+79321670991
+79971261538
+79591199132
+79551082642
+79036291318
+79879705749
+79955855329
+79090212250
+79931110562
+79178245550
+79086903239
+79736467473
+79319226675
+79536870398
+79659127395
+79366298349
+79205007918
+79590177371
+79671158126
+79746703098
+79559689032
+79222084739
+79935785145
+79521484117
+79015857844
+79635393092
+79149869275
+79793798876
+79836331491
+79789348076
+79567198985
+79846722794
+79624271665
+79383480562
+79803509714
+79011424335
+79775523240
+79869769922
+79284725352
+79048928250
+79042839232
+79847849058
+79391110440
+79053804674
+79677616232
+79926452602
+79549159816
+79242480947
+79005507919
+79047057474
+79195181090
+79820157803
+79849023528
+79805540481
+79963581613
+79294471699
+79202350948
+79590237943
+79606557375
+79312333400
+79857604534
+79292490653
+79103513469
+79513060451
+79689805286
+79937331635
+79414252784
+79660561454
+79355740958
+79431445881
+79127878053
+79806784539
+79699781061
+79608977014
+79550357015
+79247680908
+79062092353
+79009098645
+79685236574
+79099324764
+79601182796
+79236027722
+79411795864
+79571089358
+79557262288
+79316782981
+79670676963
+79702404515
+79388888163
+79948202268
+79335348727
+79533953575
+79390701374
+79462011395
+79937518503
+79136429142
+79990614955
+79332509949
+79776424968
+79631172876
+79898301278
+79613806390
+79987788196
+79524918671
+79870701494
+79861753110
+79963918352
+79934117508
+79743201077
+79171553767
+79554413242
+79708062131
+79216696015
+79981230646
+79921095732
+79596488782
+79808710642
+79506934279
+79275476553
+79279319031
+79614831929
+79950924663
+79951562761
+79016304568
+79431314852
+79911219346
+79581673731
+79916342071
+79307880177
+79612201562
+79692335065
+79414758171
+79424326829
+79607314392
+79221139372
+79960652385
+79570673694
+79702227787
+79608699503
+79410257473
+79480385054
+79745042492
+79167083470
+79494642192
+79455675824
+79663357467
+79699798954
+79483134819
+79790552504
+79190245907
+79557544435
+79746739048
+79753271496
+79252835100
+79297120930
+79874066027
+79270353788
+79966890563
+79980826818
+79263900849
+79206381010
+79966522646
+79163923590
+79263486134
+79799792502
+79275389456
+79989516520
+79707451737
+79164699546
+79151833599
+79461475938
+79555761972
+79975939351
+79823056175
+79235857951
+79111699560
+79215937093
+79834967146
+79480652564
+79858482053
+79913196155
+79054605253
+79215128831
+79729372985
+79840387098
+79107947154
+79112351444
+79785702507
+79724805780
+79196630986
+79157973782
+79556302938
+79373711644
+79738058152
+79306680061
+79193020589
+79634489748
+79138868661
+79259793702
+79161355641
+79179697605
+79175227122
+79665190907
+79931860163
+79196390478
+79217910607
+79256717645
+79015094676
+79830201240
+79629868860
+79292061890
+79905888911
+79054186382
+79682942434
+79058386623
+79926610209
+79247451619
+79356078322
+79859579402
+79240958632
+79510847783
+79472592423
+79914713100
+79998496402
+79124143456
+79326217538
+79828609488
+79645639212
+79228838670
+79709097001
+79143999290
+79580263397
+79323815098
+79529093473
+79335731950
+79029442675
+79415930067
+79298564623
+79706834895
+79851900337
+79658941099
+79709082010
+79999041432
+79496730110
+79905569372
+79211727341
+79370207152
+79071005923
+79355232247
+79099934713
+79470641073
+79154548287
+79300305810
+79059221949
+79293185569
+79065602012
+79985902142
+79588428926
+79441703546
+79779957625
+79269076230
+79133623742
+79014038783
+79758040609
+79535389557
+79891387310
+79370625447
+79107236931
+79506422963
+79462474390
+79022949233
+79850963487
+79101367370
+79848978531
+79014139405
+79981019480
+79820769950
+79026073058
+79133819675
+79057734410
+79020237735
+79982132348
+79192119298
+79642019442
+79386151525
+79357546154
+79579461381
+79782388719
+79448064112
+79030010526
+79115738190
+79955475940
+79802973128
+79915883085
+79254430389
+79384952244
+79112498016
+79631300109
+79095754327
+79090575444
+79801800839
+79663635965
+79101939490
+79561023030
+79468513744
+79639459812
+79770144357
+79688638141
+79237651507
+79907913923
+79707307574
+79755188848
+79366676532
+79735053837
+79822345472
+79866768170
+79725789332
+79664603841
+79235494361
+79986646453
+79035497029
+79334219660
+79170317566
+79217326820
+79190648251
+79291574923
+79360313196
+79638512433
+79629459406
+79246977931
+79176280049
+79392820533
+79816491247
+79375541310
+79206011242
+79822984597
+79858244851
+79123745667
+79021358784
+79870726173
+79062373699
+79312006825
+79562332929
+79303026412
+79613050664
+79867869629
+79368560769
+79255009142
+79489233522
+79765753980
+79266118160
+79134568859
+79424447056
+79450874037
+79045151803
+79470483724
+79106975142
+79561965866
+79938628668
+79259512771
+79229988439
+79728501650
+79117623868
+79956806556
+79170584293
+79780946813
+79211397100
+79328738743
+79536073845
+79206724613
+79041637787
+79317504864
+79236348059
+79034018991
+79152334443
+79040904223
+79705257915
+79379143521
+79407913170
+79449037509
+79638740706
+79372363234
+79932660297
+79686623437
+79198811821
+79558605237
+79688299943
+79286593863
+79773567294
+79156891066
+79140916483
+79885112948
+79527504483
+79284012103
+79700345508
+79907367632
+79321711541
+79285705962
+79369299202
+79005012282
+79127064632
+79310580281
+79682442956
+79980491375
+79751835613
+79098963804
+79240029497
+79605137244
+79254198110
+79477919463
+79914708093
+79697251524
+79772779010
+79740794501
+79436233261
+79743424761
+79633602380
+79971732291
+79259645358
+79132750994
+79349837479
+79657044073
+79987321317
+79046460969
+79620251431
+79826986747
+79065636323
+79451899991
+79609912518
+79541716496
+79987696848
+79187227102
+79712552615
+79282818072
+79282208738
+79732456844
+79293756366
+79838901776
+79215583924
+79954026980
+79603292255
+79189234783
+79973046806
+79267789109
+79416592303
+79830091966
+79295180749
+79855430196
+79382682264
+79848169593
+79765451388
+79216144498
+79334798010
+79934122578
+79042550841
+79996689493
+79078403152
+79547351465
+79538922394
+79094345177
+79433068352
+79980143032
+79258756709
+79538482812
+79492066749
+79619329353
+79683627546
+79653743188
+79236594774
+79772320555
+79724341775
+79401405830
+79453231086
+79771166152
+79369461771
+79788621806
+79444059364
+79044419310
+79222507580
+79270858629
+79314005598
+79283781374
+79413719632
+79698353129
+79862688440
+79927486504
+79384979814
+79513690383
+79159581058
+79443309083
+79367674664
+79209031387
+79119710573
+79104353595
+79158440854
+79366674904
+79333988281
+79037397746
+79366411357
+79846487262
+79606582701
+79205749018
+79775953563
+79744525047
+79343543666
+79431759216
+79138467016
+79611726391
+79930572253
+79338763369
+79577978338
+79111167160
+79190258021
+79879171145
+79070560149
+79045303388
+79974399726
+79236520746
+79759897986
+79480610207
+79641279134
+79947931870
+79221688239
+79010505802
+79364661906
+79611035195
+79971189080
+79111984956
+79351251730
+79707645956
+79784379198
+79487586254
+79978232519
+79336737915
+79371683542
+79911078231
+79247420236
+79050821758
+79024441696
+79587819607
+79002671851
+79032864581
+79682624420
+79903550629
+79179002937
+79673629587
+79666450655
+79937748476
+79441984368
+79695730735
+79718870382
+79365061736
+79515272785
+79929051599
+79364348211
+79009367533
+79339256698
+79386882868
+79918674494
+79999702511
+79726833549
+79222105100
+79579132185
+79380728984
+79819895179
+79385737235
+79858916153
+79639915784
+79074371913
+79573767757
+79977058973
+79676605615
+79537330131
+79777140276
+79556916850
+79390125983
+79215811698
+79186429800
+79165076506
+79182858295
+79523727790
+79850842442
+79401853245
+79981722821
+79947215405
+79324072927
+79242542555
+79748915170
+79092956664
+79647186286
+79171976032
+79312820841
+79219715041
+79114661305
+79596266078
+79611769159
+79419906021
+79311540281
+79475683797
+79321013901
+79420497444
+79214625432
+79497517622
+79987087800
+79773712367
+79669149578
+79181956692
+79210712268
+79738730860
+79029467211
+79671399135
+79963431371
+79307397965
+79372293791
+79933848852
+79955075490
+79850936831
+79220960454
+79237669445
+79611710243
+79107723612
+79132299576
+79259892483
+79747825251
+79644508727
+79453628663
+79000965968
+79099692291
+79381908718
+79982543391
+79005657347
+79719461291
+79631721060
+79618734740
+79231375739
+79552868088
+79004603337
+79076024849
+79360108886
+79117935740
+79218959461
+79291122304
+79845591724
+79287867431
+79513076890
+79802544791
+79895790491
+79035642184
+79801570015
+79935942272
+79981215945
+79384876276
+79827255476
+79314812092
+79769081463
+79985009990
+79014055856
+79688845370
+79358968313
+79017661714
+79204803761
+79782312558
+79641042089
+79216708894
+79944626601
+79471963927
+79686581852
+79474884912
+79139243588
+79582083994
+79180699364
+79879607850
+79650142664
+79489423631
+79948590764
+79475040099
+79173565491
+79306523414
+79275465035
+79571781600
+79611814824
+79165357235
+79139340942
+79832584441
+79323857198
+79551914386
+79402165161
+79937724286
+79371145432
+79597246539
+79750913307
+79991698996
+79908039155
+79760848513
+79460226729
+79978174719
+79053154774
+79473859240
+79785401701
+79919469889
+79971795719
+79594617693
+79946696041
+79004935987
+79134957298
+79364947597
+79875320024
+79534890802
+79835491539
+79205666345
+79605731539
+79445086385
+79480542333
+79925706152
+79198531447
+79327290537
+79107256349
+79034608285
+79988394843
+79193124101
+79875529411
+79212678930
+79030531686
+79122512642
+79672713498
+79674401324
+79137055472
+79357028749
+79794595081
+79863749546
+79935966192
+79900456103
+79688501899
+79083168194
+79168457535
+79761044106
+79556634221
+79271822692
+79943895727
+79374907231
+79624906785
+79286282418
+79110186834
+79452981444
+79258043819
+79229678607
+79501027600
+79697895575
+79090708713
+79607322462
+79139963944
+79914104723
+79119333393
+79553260180
+79890236574
+79202324075
+79842451092
+79127945678
+79809876232
+79926984076
+79178963721
+79984146610
+79978488920
+79786148384
+79130272842
+79201010390
+79674431041
+79275285808
+79568503599
+79449151617
+79193898866
+79280081318
+79970665585
+79605093018
+79622839561
+79339999041
+79064984930
+79682009717
+79717086761
+79661764407
+79319719323
+79327806645
+79732055817
+79285259765
+79466076255
+79867351254
+79689869545
+79199880482
+79113518724
+79514070561
+79938938813
+79958674712
+79713819126
+79878501231
+79660671294
+79052720694
+79374083554
+79973667185
+79553092027
+79726800113
+79736138686
+79739076216
+79355921401
+79410303012
+79928903495
+79394113354
+79227127414
+79198880987
+79381943653
+79919688850
+79418264988
+79869234506
+79400385002
+79628404860
+79634818510
+79920151350
+79457606041
+79316568021
+79228626924
+79674427884
+79494257393
+79313411520
+79699598900
+79223113032
+79783955813
+79678985238
+79983035714
+79103941540
+79261731174
+79393229925
+79759090510
+79760351389
+79637656887
+79820472955
+79772890698
+79755714727
+79722069078
+79525914684
+79426250035
+79371602195
+79151484022
+79843121267
+79536990853
+79782275634
+79446564954
+79857213320
+79319746002
+79124991947
+79159906637
+79591457951
+79904603052
+79145974507
+79698426135
+79388940004
+79622246396
+79271787385
+79931386720
+79996793321
+79018662646
+79614677228
+79354685638
+79570669553
+79618716335
+79532781875
+79098707354
+79356565292
+79393251554
+79579028618
+79623500883
+79503593990
+79037406638
+79044483589
+79289456013
+79800910101
+79456976442
+79058893149
+79407951779
+79379982497
+79560427067
+79825737538
+79846545637
+79445060054
+79106011846
+79388543906
+79895807538
+79213477219
+79025793215
+79510355948
+79693634301
+79493176948
+79386977717
+79007738272
+79211285631
+79948965120
+79801823694
+79574866532
+79744980191
+79709967441
+79986464404
+79011223671
+79022371771
+79012193143
+79861216476
+79247031730
+79105691116
+79330602345
+79267337630
+79183590045
+79695762477
+79672677421
+79809351153
+79975363829
+79326525329
+79829021993
+79403762328
+79556961706
+79838564227
+79245813161
+79769317177
+79683046591
+79510851173
+79223855417
+79175679458
+79494833054
+79654896551
+79204816539
+79897268686
+79373830257
+79448237048
+79111879624
+79034565678
+79141174510
+79346886904
+79886067904
+79958450718
+79629005597
+79888940470
+79531133121
+79282854962
+79321721070
+79404875063
+79196222867
+79125264335
+79284795815
+79684657291
+79474582424
+79437050195
+79383363699
+79116156958
+79951174701
+79193772129
+79080460451
+79326537575
+79626061559
+79730333278
+79254813249
+79611399830
+79683014001
+79676530182
+79585785799
+79743634510
+79688020572
+79439001198
+79821843313
+79165943350
+79472152054
+79312388007
+79041052567
+79819452147
+79731063299
+79510479037
+79997971898
+79101721567
+79003829915
+79248450334
+79983309790
+79832984556
+79683970769
+79765671557
+79708755291
+79513782347
+79773046260
+79255084848
+79230654840
+79639369973
+79955695938
+79726944600
+79497707794
+79662569023
+79642480623
+79028762670
+79800825845
+79190608131
+79468126628
+79875895985
+79488019826
+79549675410
+79479654481
+79260962186
+79418484242
+79065990504
+79341166081
+79017761033
+79997237465
+79267242875
+79479404990
+79937171962
+79894896463
+79974794000
+79997390924
+79082794537
+79556641810
+79948382009
+79529215206
+79645561484
+79920825206
+79853294413
+79436821830
+79369565287
+79602099093
+79921116457
+79625647575
+79754661119
+79212438276
+79313807025
+79203643617
+79988985386
+79599033136
+79478369034
+79105983363
+79769274673
+79857892741
+79237888802
+79975444182
+79697724897
+79012519704
+79926273373
+79650229101
+79603414857
+79681677436
+79388549002
+79893237991
+79370841014
+79278291963
+79766578606
+79484433499
+79922949017
+79545537237
+79877947884
+79339947465
+79637177381
+79051676463
+79703524401
+79187613436
+79601423781
+79116454731
+79348008279
+79408850949
+79088872298
+79335337957
+79619081822
+79688200586
+79185954903
+79692693939
+79574412593
+79997023962
+79946131242
+79447979136
+79406583873
+79159197292
+79695472271
+79635361012
+79190016952
+79687654470
+79503346493
+79515131395
+79809721043
+79312855593
+79295206487
+79083311598
+79172357374
+79119527954
+79682887216
+79657382099
+79020594299
+79552853446
+79728082523
+79857898437
+79223478555
+79273987866
+79989530585
+79068187483
+79126003965
+79808019323
+79742197311
+79283604895
+79939087688
+79820404383
+79415939052
+79742727564
+79678466046
+79480520257
+79447751260
+79690713233
+79648531332
+79386916304
+79613703316
+79055597892
+79404360882
+79994948341
+79715204278
+79262523220
+79614513787
+79320893012
+79789211395
+79803018269
+79754154628
+79804583395
+79588707558
+79995830170
+79911554904
+79095989999
+79591243858
+79537512748
+79241979532
+79795749752
+79419271260
+79514962277
+79308690464
+79992079556
+79500257383
+79703082079
+79010836339
+79551754824
+79531670636
+79108574305
+79320420448
+79379132430
+79340065673
+79117383129
+79620559638
+79220317950
+79640412744
+79227698147
+79847438266
+79493148929
+79686143948
+79706448766
+79306490518
+79811053291
+79854607250
+79025707291
+79104022372
+79943486621
+79843871004
+79799953563
+79048538507
+79721949783
+79574202869
+79116617770
+79371319464
+79243183393
+79652442168
+79944065707
+79123731542
+79208457148
+79280744864
+79942074887
+79857724689
+79747714226
+79210961323
+79740574154
+79508706302
+79616904567
+79184362563
+79327130426
+79899063307
+79945961185
+79271118002
+79275460052
+79869611119
+79988677177
+79648631104
+79944254903
+79256513169
+79548607455
+79592746646
+79978711936
+79882455190
+79970130097
+79060059737
+79370472379
+79063190368
+79400499971
+79244024340
+79875099675
+79094226161
+79469643833
+79127086067
+79209178880
+79120749022
+79204058784
+79850204475
+79684628513
+79239377194
+79994980500
+79852463807
+79991607163
+79975285958
+79016671693
+79230725154
+79789983976
+79934996652
+79282259787
+79385699442
+79848681293
+79366044425
+79379716417
+79610901900
+79892272929
+79810250524
+79246419209
+79769448370
+79707863218
+79795676781
+79949917169
+79616074322
+79982859604
+79357295187
+79611047741
+79362454727
+79521179580
+79704215373
+79172474110
+79609617565
+79248433724
+79046888692
+79751163427
+79389838450
+79058495908
+79639172943
+79002361988
+79456493482
+79458307763
+79602905055
+79947329363
+79434694395
+79575675626
+79723872377
+79481845986
+79336228169
+79622586269
+79660394904
+79940191372
+79851734698
+79931204415
+79727423272
+79284573775
+79169287687
+79044819531
+79967250759
+79285541908
+79574629841
+79700743173
+79551658778
+79203135359
+79357069842
+79804160797
+79538432794
+79778290403
+79942791191
+79250200586
+79494194017
+79854875108
+79204957880
+79856453307
+79066187167
+79895068208
+79868155568
+79589556526
+79283341417
+79484269088
+79366475976
+79653096121
+79003282904
+79156139966
+79581043221
+79190964367
+79683925193
+79256605940
+79134136787
+79925811067
+79355106699
+79586413641
+79872826453
+79792448586
+79972046643
+79345586740
+79444019374
+79313548468
+79366119089
+79189429198
+79927815220
+79609252930
+79638474396
+79106931431
+79303896301
+79996369455
+79225367355
+79088616083
+79995562076
+79042016967
+79560304714
+79678399126
+79750415070
+79002502583
+79710540948
+79347567078
+79301899350
+79109416748
+79772876508
+79922893544
+79327166646
+79320320963
+79230401070
+79585274599
+79745270310
+79843863927
+79465131203
+79488565944
+79657922557
+79909021911
+79661992754
+79837082424
+79370585430
+79688999511
+79709330742
+79358963887
+79347715116
+79434961098
+79012289240
+79788041162
+79298744243
+79921071858
+79537946507
+79485437438
+79019209726
+79034337642
+79251224646
+79289294139
+79597838137
+79075153674
+79667172812
+79861076527
+79642930328
+79803409789
+79794123514
+79256492036
+79816124756
+79588843722
+79661781732
+79232652755
+79341305685
+79840695658
+79099169541
+79881751913
+79576439752
+79354675440
+79616775124
+79769800907
+79128762504
+79206506473
+79518826047
+79738920187
+79721989149
+79241532399
+79930876053
+79551368545
+79789746355
+79466061440
+79534955575
+79197814626
+79027411053
+79146079771
+79251557863
+79972114026
+79594983046
+79351276757
+79891453026
+79333947367
+79823394416
+79207769342
+79531912229
+79332224421
+79630662306
+79429638356
+79376638463
+79859693871
+79185347272
+79007984066
+79497659328
+79331290437
+79925142300
+79650684643
+79005765060
+79269301758
+79296763042
+79358046135
+79257525519
+79180088257
+79345814180
+79140490833
+79253807851
+79647021439
+79237186287
+79297639028
+79394559578
+79308480733
+79142701333
+79937070978
+79349124630
+79575229334
+79113833486
+79278867453
+79039083332
+79045503726
+79036611981
+79383863805
+79111704632
+79993237160
+79041870780
+79469138418
+79684455804
+79885409356
+79026775713
+79859053943
+79867953992
+79553635042
+79307494210
+79996051860
+79174650788
+79488699621
+79377345933
+79833331656
+79166220651
+79360522992
+79861167187
+79867839504
+79767702492
+79299030377
+79778445273
+79659263521
+79588662892
+79089153460
+79152112948
+79012637985
+79851015382
+79981939156
+79098469053
+79684186601
+79189704593
+79122319462
+79069742517
+79048345722
+79833453656
+79597450393
+79104485186
+79876501612
+79779528707
+79053062814
+79378188273
+79047289067
+79827587711
+79417096663
+79941485381
+79992025397
+79705204022
+79978314933
+79285935301
+79712317887
+79123088166
+79336051287
+79722562624
+79125995139
+79185802181
+79371250199
+79228401624
+79487433179
+79981535243
+79964050657
+79007308015
+79610101748
+79103046093
+79722540849
+79499973133
+79081193759
+79261145308
+79959914473
+79416895328
+79729674303
+79367101883
+79799033334
+79873226876
+79801635956
+79599707110
+79830196348
+79521439993
+79726859764
+79132495015
+79544337131
+79259115877
+79357222303
+79275647958
+79371764217
+79194412764
+79721143266
+79415518974
+79959750355
+79352443145
+79729125150
+79769711303
+79280216287
+79888688146
+79321330225
+79468071663
+79593341675
+79243968644
+79182591092
+79244531813
+79017280443
+79568416083
+79565512862
+79946265342
+79777590793
+79074068394
+79829406936
+79964045181
+79605135343
+79036116307
+79974146984
+79802169488
+79702267158
+79894289623
+79048956845
+79124733291
+79186339176
+79581957959
+79041705741
+79028717467
+79090612734
+79560331030
+79318241064
+79281454162
+79571228659
+79041180625
+79944212861
+79476165319
+79897728559
+79776283241
+79461847011
+79658817237
+79424464299
+79213133188
+79986622441
+79957762374
+79228171411
+79034737332
+79205399289
+79761451212
+79766486107
+79982387262
+79394671468
+79616399573
+79229333186
+79614737618
+79714307584
+79090336714
+79445304937
+79515176263
+79237151582
+79829309884
+79796611776
+79375703333
+79047260429
+79950954587
+79361486277
+79160879770
+79010739584
+79573860442
+79526755895
+79939277739
+79671036335
+79688643120
+79509193218
+79447612985
+79499026701
+79269761859
+79569541621
+79298914054
+79899363419
+79697022195
+79514350128
+79275983104
+79001004667
+79566196914
+79441021405
+79673407644
+79610590239
+79720552105
+79296632308
+79636084705
+79261678211
+79823247782
+79059991842
+79137086567
+79780104676
+79386482731
+79556486071
+79549033542
+79685904610
+79913071071
+79524717965
+79465288601
+79003906918
+79449199034
+79385362505
+79045980054
+79844364800
+79549660732
+79819830549
+79438950852
+79569612033
+79221578496
+79681032608
+79824535551
+79338805198
+79917827232
+79990896350
+79051090367
+79004570025
+79637170641
+79593571298
+79490056522
+79964222026
+79004407158
+79228471931
+79066813297
+79535433314
+79758934389
+79669255726
+79812543256
+79944897280
+79690376623
+79609849121
+79168007560
+79893544301
+79118393103
+79597600918
+79274048947
+79622756651
+79841173821
+79494620032
+79028952163
+79009435350
+79477356793
+79181762565
+79444209561
+79950643073
+79347812608
+79454546252
+79594551246
+79672205122
+79818524727
+79741706178
+79087680496
+79487360572
+79022593355
+79944091773
+79580876520
+79893048761
+79142354121
+79336707135
+79844556321
+79927753627
+79417629836
+79029317516
+79998219559
+79031456285
+79863470578
+79662686590
+79217415870
+79622309823
+79202932919
+79300170002
+79793404674
+79185747030
+79165849066
+79281313448
+79117660385
+79039566270
+79864761796
+79269321960
+79618947201
+79256291673
+79130002245
+79145002956
+79368919680
+79270026197
+79611619029
+79706696430
+79202418480
+79250553675
+79952025540
+79516466861
+79676227240
+79252500201
+79697565553
+79494658201
+79517795092
+79721859294
+79148543052
+79323242246
+79194626705
+79249257911
+79844122822
+79242163218
+79920560804
+79483454652
+79510094703
+79604888735
+79624863748
+79178653359
+79813041908
+79202785764
+79302194835
+79357584082
+79460335511
+79631676037
+79359957254
+79980495856
+79243985520
+79675270450
+79505858399
+79203160514
+79120411781
+79397113548
+79129432170
+79849229639
+79227984253
+79876489409
+79346803064
+79632146781
+79145158602
+79832274776
+79163394231
+79805504960
+79301507809
+79189480815
+79898643647
+79612025420
+79900862505
+79394692765
+79967700309
+79298925161
+79817842406
+79529755332
+79884959037
+79975037424
+79983249905
+79811372630
+79440956202
+79318352209
+79762888661
+79182517098
+79722728686
+79617495121
+79257297949
+79806263454
+79084750232
+79743844362
+79166087047
+79908528960
+79552002095
+79372465729
+79016283502
+79741661250
+79986433716
+79746405493
+79707146794
+79646674377
+79983747211
+79568870459
+79217435159
+79956532046
+79033819442
+79767794132
+79969642049
+79798583273
+79163631863
+79517991705
+79223368573
+79276971179
+79583203691
+79420154666
+79117913257
+79920727866
+79051286214
+79039910387
+79556122167
+79372328280
+79423414491
+79725734542
+79338921095
+79749829447
+79296555279
+79941717675
+79371323601
+79857374729
+79696902433
+79336398649
+79672125420
+79398985526
+79499779449
+79533582644
+79682821571
+79437479032
+79671216345
+79023703002
+79231265296
+79707869600
+79952519234
+79320995832
+79591690652
+79117064920
+79388758834
+79643707651
+79537016653
+79486159900
+79350705104
